-2.4945308611471566e-09	-4.5990267919957825e-09
-1.7839568490408088e-45	1.2802053826222465e-44
1.6941535135915002e-16	2.3505969196771075e-16	1.949561505509855e-16	1.5331742215437974e-16  -2.613160865873801e-16
8.31008460613676e-09	-1.104088363174544e-09	-4.134981872655015e-09	-1.2002734598342563e-08	-1.0631 188635567678e-08	2.0914031100336066e-08	-7.76164357160061e-09	2.931429087900262e-08	-2.1720960417174397e-08	-1.2647206974666646e-08
0.8889583134856907	1.1484980878292226	0.6911072547492747	0.07732660235779902	0.20804961299890026	1.0346041045912373	0.036490761626430654	0.1924156237423873  0.2349498146285237
-3.089562366087197e-09	-2.203410062739422e-09	-4.3181563850642296e-09	4.782749325241755e-09	1.9883200267417326e-09	5.139118897673422e-09	-3.9460874195121765e-09	3.260627032705811e-10	-9.40531476139774e-10	1.6636685325336726e-09
8.375869951962095	0.6203835151214188	4.7894985408932556	7.871793131593021	1.4849705890883746	7.798609219178033	4.392887439324552	0.5913506676719493	7.544940563550531	1.8086452704589473
2.2746676001708157	0.526690570385478	1.4625645022992189	1.4243317972033465	2.19337259978194
1.3891995359746376	2.1203445671671144	1.62107454133816	1.3458606809755391	1.3075950290614362
446.7460484362464	17.238401086797353	239.24227220462217	-353.11241335416156	209.35578927761503	366.32742332849864	-115.05424919898144	21.94085350092189	445.31255834429726	211.81624071381157



