0.00023828354397239376	-0.00019890896770155195
-0.0011615623200001658	-0.0009757314352268377
-0.09769242159076914	0.32451153613176587	0.5703545516672076	-0.12798337468095575	-0.7337618858859504
-6.281226064194624	4.441634369095534	0.0011319001820477865	0.027018014056987835	-6.998928183836208	-0.013042671429035495	-8.297066331486228	-0.01924942438182068	-0.003224310445410203	9.893560792134423
0.9059399122866097	0.9518926299931161	3.387265878687223	2.00968167104995	6.917203258461251	4.269036850672724	3.6049791617075853	1.4909123904260027	5.8294712784297
0.028254782803664058	0.027500384038615808	-0.021249340850711854	-0.45669982053889985	-0.16674081794398804	0.17455177068453415	-0.14546866152998555	0.29012272701793523	0.07455175869729855	-0.31460379507840863
1.4590211134405582	0.7424487074100437	5.4036671164823975	6.326416087554765	9.327410898200242	9.455515903219178	5.628465500382943	6.490364240611069	9.139694471374023	1.3200921327166173
0.8305640173373688	1.3342728384805416	2.074364116562171	1.0229220477196648	1.4629858944163154
8.618784862898117	4.408202875507323	4.819170951154707	5.773918484294672	7.035966788156591
420.9721920005055	420.9682924803677	420.96736141824766	-124.82918729006222	-302.52137987294975	-124.82971694880706	420.9683335012228	-124.82937702685744	420.9686763012822	420.97309605406076
